--刀--
魔煞刀=gA9r9U=[2,0,1,5,32111,level,4,3,7,1,11,2,12,6,7,5,13,-1,600,600,600,600,600,600,600,600,600,600,600]
霸道斩=5UB2wh=[2,0,1,5,32112,level,5,1,7,3,6,6,7,4,12,2,10,-1,600,600,600,600,600,600,600,600,600,600,600]
--枪--
鬼狱枪=N227SK=[2,0,1,5,33111,level,4,3,7,1,11,2,12,6,7,5,13,-1,600,600,600,600,600,600,600,600,600,600,600]
天龙阵=NZrl6K=[2,0,1,5,33112,level,5,1,7,3,6,6,7,4,12,2,10,-1,600,600,600,600,600,600,600,600,600,600,600]
--剑--
骤天剑=58UbWd=[2,0,1,5,34111,level,4,3,7,1,11,2,12,6,7,5,13,-1,600,600,600,600,600,600,600,600,600,600,600]
万神剑=W0oW3u=[2,0,1,5,34112,level,5,1,7,3,6,6,7,4,12,2,10,-1,600,600,600,600,600,600,600,600,600,600,600]
--拳--
霸王盾=XfbY95=[2,0,1,5,35111,level,4,3,7,1,11,2,12,6,7,5,13,-1,600,600,600,600,600,600,600,600,600,600,600]
巨王拳=8FA8nk=[2,0,1,5,35112,level,5,1,7,3,6,6,7,4,12,2,10,-1,600,600,600,600,600,600,600,600,600,600,600]
--掌--
归神掌=Y2Ed9b=[2,0,1,5,36111,level,4,3,7,1,11,2,12,6,7,5,13,-1,600,600,600,600,600,600,600,600,600,600,600]
魔印掌=4Suf2P=[2,0,1,5,36112,level,5,1,7,3,6,6,7,4,12,2,10,-1,600,600,600,600,600,600,600,600,600,600,600]
--指--
冲虚指=2rT7iD=[2,0,1,5,37111,level,4,3,7,1,11,2,12,6,7,5,13,-1,600,600,600,600,600,600,600,600,600,600,600]
神脉指=qEq52M=[2,0,1,5,37112,level,5,1,7,3,6,6,7,4,12,2,10,-1,600,600,600,600,600,600,600,600,600,600,600]
--火--
神火核=t59sUQ=[2,0,1,5,61111,level,4,3,7,1,11,2,12,6,7,5,13,-1,600,600,600,600,600,600,600,600,600,600,600]
烈火凤=4nqZ8Q=[2,0,1,5,61112,level,5,1,7,3,6,6,7,4,12,2,10,-1,600,600,600,600,600,600,600,600,600,600,600]
--水--
冰天眼=vKa51N=[2,0,1,5,62111,level,4,3,7,1,11,2,12,6,7,5,13,-1,600,600,600,600,600,600,600,600,600,600,600]
覆灵雨=SyFa50=[2,0,1,5,62112,level,5,1,7,3,6,6,7,4,12,2,10,-1,600,600,600,600,600,600,600,600,600,600,600]
--雷--
天雷劫=58UbWd=[2,0,1,5,63111,level,4,3,7,1,11,2,12,6,7,5,13,-1,600,600,600,600,600,600,600,600,600,600,600]
雷罚阵=W0oW3u=[2,0,1,5,63112,level,5,1,7,3,6,6,7,4,12,2,10,-1,600,600,600,600,600,600,600,600,600,600,600]
--风--
极风暴=cOSf64=[2,0,1,5,64111,level,4,3,7,1,11,2,12,6,7,5,13,-1,600,600,600,600,600,600,600,600,600,600,600]
逆空界=86QhSf=[2,0,1,5,64112,level,5,1,7,3,6,6,7,4,12,2,10,-1,600,600,600,600,600,600,600,600,600,600,600]
--土--
裂山崩=22ivLQ=[2,0,1,5,65111,level,4,3,7,1,11,2,12,6,7,5,13,-1,600,600,600,600,600,600,600,600,600,600,600]
巨灵神=n0E4hZ=[2,0,1,5,65112,level,5,1,7,3,6,6,7,4,12,2,10,-1,600,600,600,600,600,600,600,600,600,600,600]
--木--
毒龙花=9J5vwW=[2,0,1,5,66111,level,4,3,7,1,11,2,12,6,7,5,13,-1,600,600,600,600,600,600,600,600,600,600,600]
花妖后=dC0N9u=[2,0,1,5,66112,level,5,1,7,3,6,6,7,4,12,2,10,-1,600,600,600,600,600,600,600,600,600,600,600]