--刀--
狂血斩=b8Ic9Z=[2,0,1,2,22111,level,1,2,13,7,10,6,12,3,11,5,9,-1,600,600,600,600,600,600,600,600,600,600,600]
怒血斩=gB11jL=[2,0,1,2,22112,level,1,5,12,1,3,1,9,7,13,6,11,-1,600,600,600,600,600,600,600,600,600,600,600]
断斩=MQ53ao=[2,0,1,2,22113,level,8,1,9,6,13,4,11,1,12,7,10,-1,600,600,600,600,600,600,600,600,600,600,600]
绝斩=40btVP=[2,0,1,2,22114,level,2,6,12,7,13,1,8,4,7,3,11,-1,600,600,600,600,600,600,600,600,600,600,600]
邪刀=Et5Q5n=[2,0,1,2,22115,level,3,5,10,6,13,7,11,4,8,1,12,-1,600,600,600,600,600,600,600,600,600,600,600]
横扫刀=9zYU3w=[2,0,1,2,22116,level,1,1,8,6,4,2,12,5,10,7,13,-1,600,600,600,600,600,600,600,600,600,600,600]
--枪--
碎玉枪=1MJKbD=[2,0,1,2,23111,level,1,2,13,7,10,6,12,3,11,5,9,-1,600,600,600,600,600,600,600,600,600,600,600]
真龙破=AgYqUl=[2,0,1,2,23112,level,1,5,12,1,3,1,9,7,13,6,11,-1,600,600,600,600,600,600,600,600,600,600,600]
破阵枪=q7fnzz=[2,0,1,2,23113,level,8,1,9,6,13,4,11,1,12,7,10,-1,600,600,600,600,600,600,600,600,600,600,600]
啸龙破=kkIgNJ=[2,0,1,2,23114,level,2,6,12,7,13,1,8,4,7,3,11,-1,600,600,600,600,600,600,600,600,600,600,600]
擎龙破=cSQuUP=[2,0,1,2,23115,level,3,5,10,6,13,7,11,4,8,1,12,-1,600,600,600,600,600,600,600,600,600,600,600]
疾龙破=yTvaSk=[2,0,1,2,23116,level,1,1,8,6,4,2,12,5,10,7,13,-1,600,600,600,600,600,600,600,600,600,600,600]
--剑--
绝影剑=rN2X9c=[2,0,1,2,24111,level,1,2,13,7,10,6,12,3,11,5,9,-1,600,600,600,600,600,600,600,600,600,600,600]
疾风剑=9BT7jo=[2,0,1,2,24112,level,1,5,12,1,3,1,9,7,13,6,11,-1,600,600,600,600,600,600,600,600,600,600,600]
碎星剑=65dTSv=[2,0,1,2,24113,level,8,1,9,6,13,4,11,1,12,7,10,-1,600,600,600,600,600,600,600,600,600,600,600]
落日剑=Z1vwN2=[2,0,1,2,24114,level,2,6,12,7,13,1,8,4,7,3,11,-1,600,600,600,600,600,600,600,600,600,600,600]
斩天剑=U8xQ8r=[2,0,1,2,24115,level,3,5,10,6,13,7,11,4,8,1,12,-1,600,600,600,600,600,600,600,600,600,600,600]
灭空剑=2Y8Wqz=[2,0,1,2,24116,level,1,1,8,6,4,2,12,5,10,7,13,-1,600,600,600,600,600,600,600,600,600,600,600]
--拳--
破体拳=P9Dr6a=[2,0,1,2,25111,level,1,2,13,7,10,6,12,3,11,5,9,-1,600,600,600,600,600,600,600,600,600,600,600]
狮吼拳=uCXi46=[2,0,1,2,25112,level,1,5,12,1,3,1,9,7,13,6,11,-1,600,600,600,600,600,600,600,600,600,600,600]
摧心拳=aH15cY=[2,0,1,2,25113,level,8,1,9,6,13,4,11,1,12,7,10,-1,600,600,600,600,600,600,600,600,600,600,600]
崩山拳=2P6zVf=[2,0,1,2,25114,level,2,6,12,7,13,1,8,4,7,3,11,-1,600,600,600,600,600,600,600,600,600,600,600]
金刚拳=5Upb0F=[2,0,1,2,25115,level,3,5,10,6,13,7,11,4,8,1,12,-1,600,600,600,600,600,600,600,600,600,600,600]
轰天拳=7mZKw4=[2,0,1,2,25116,level,1,1,8,6,4,2,12,5,10,7,13,-1,600,600,600,600,600,600,600,600,600,600,600]
--掌--
暴风掌=79QwkQ=[2,0,1,2,26111,level,1,2,13,7,10,6,12,3,11,5,9,-1,600,600,600,600,600,600,600,600,600,600,600]
断崖掌=1GDc2h=[2,0,1,2,26112,level,1,5,12,1,3,1,9,7,13,6,11,-1,600,600,600,600,600,600,600,600,600,600,600]
摧山掌=gV07yZ=[2,0,1,2,26113,level,8,1,9,6,13,4,11,1,12,7,10,-1,600,600,600,600,600,600,600,600,600,600,600]
惊虹掌=gwG09C=[2,0,1,2,26114,level,2,6,12,7,13,1,8,4,7,3,11,-1,600,600,600,600,600,600,600,600,600,600,600]
破浪掌=16zMxH=[2,0,1,2,26115,level,3,5,10,6,13,7,11,4,8,1,12,-1,600,600,600,600,600,600,600,600,600,600,600]
定海掌=c7nZY7=[2,0,1,2,26116,level,1,1,8,6,4,2,12,5,10,7,13,-1,600,600,600,600,600,600,600,600,600,600,600]
--指--
七星指=90pKTp=[2,0,1,2,27111,level,1,2,13,7,10,6,12,3,11,5,9,-1,600,600,600,600,600,600,600,600,600,600,600]
封魔指=yq7M1N=[2,0,1,2,27112,level,1,5,12,1,3,1,9,7,13,6,11,-1,600,600,600,600,600,600,600,600,600,600,600]
灵虚爆=35bWeV=[2,0,1,2,27113,level,8,1,9,6,13,4,11,1,12,7,10,-1,600,600,600,600,600,600,600,600,600,600,600]
封灵爆=kTRh31=[2,0,1,2,27114,level,2,6,12,7,13,1,8,4,7,3,11,-1,600,600,600,600,600,600,600,600,600,600,600]
幽空爆=q9F5Hh=[2,0,1,2,27115,level,3,5,10,6,13,7,11,4,8,1,12,-1,600,600,600,600,600,600,600,600,600,600,600]
灵影指=3Xmj7H=[2,0,1,2,27116,level,1,1,8,6,4,2,12,5,10,7,13,-1,600,600,600,600,600,600,600,600,600,600,600]
--火--
地火术=3fTrB9=[2,0,1,2,51111,level,1,2,13,7,10,6,12,3,11,5,9,-1,600,600,600,600,600,600,600,600,600,600,600]
离火术=3Pi8Vy=[2,0,1,2,51112,level,1,5,12,1,3,1,9,7,13,6,11,-1,600,600,600,600,600,600,600,600,600,600,600]
阳炎爆=X0q4lJ=[2,0,1,2,51113,level,8,1,9,6,13,4,11,1,12,7,10,-1,600,600,600,600,600,600,600,600,600,600,600]
业火术=9gJS3o=[2,0,1,2,51114,level,2,6,12,7,13,1,8,4,7,3,11,-1,600,600,600,600,600,600,600,600,600,600,600]
火环术=N4Z3cu=[2,0,1,2,51115,level,3,5,10,6,13,7,11,4,8,1,12,-1,600,600,600,600,600,600,600,600,600,600,600]
踏火术=pT8lR0=[2,0,1,2,51116,level,1,1,8,6,4,2,12,5,10,7,13,-1,600,600,600,600,600,600,600,600,600,600,600]
--水--
寒霜爆=xe3M9O=[2,0,1,2,52111,level,1,2,13,7,10,6,12,3,11,5,9,-1,600,600,600,600,600,600,600,600,600,600,600]
冰气术=7fm1KC=[2,0,1,2,52112,level,1,5,12,1,3,1,9,7,13,6,11,-1,600,600,600,600,600,600,600,600,600,600,600]
冰刺术=hR1Tm7=[2,0,1,2,52113,level,8,1,9,6,13,4,11,1,12,7,10,-1,600,600,600,600,600,600,600,600,600,600,600]
冰封术=p88ScJ=[2,0,1,2,52114,level,2,6,12,7,13,1,8,4,7,3,11,-1,600,600,600,600,600,600,600,600,600,600,600]
霜灵爆=pG76Ul=[2,0,1,2,52115,level,3,5,10,6,13,7,11,4,8,1,12,-1,600,600,600,600,600,600,600,600,600,600,600]
噬灵术=3Px6hQ=[2,0,1,2,52116,level,1,1,8,6,4,2,12,5,10,7,13,-1,600,600,600,600,600,600,600,600,600,600,600]
--雷--
雷鸣术=rN2X9c=[2,0,1,2,53111,level,1,2,13,7,10,6,12,3,11,5,9,-1,600,600,600,600,600,600,600,600,600,600,600]
奔雷术=9BT7jo=[2,0,1,2,53112,level,1,5,12,1,3,1,9,7,13,6,11,-1,600,600,600,600,600,600,600,600,600,600,600]
雷云术=65dTSv=[2,0,1,2,53113,level,8,1,9,6,13,4,11,1,12,7,10,-1,600,600,600,600,600,600,600,600,600,600,600]
暗雷术=Z1vwN2=[2,0,1,2,53114,level,2,6,12,7,13,1,8,4,7,3,11,-1,600,600,600,600,600,600,600,600,600,600,600]
落雷阵=U8xQ8r=[2,0,1,2,53115,level,3,5,10,6,13,7,11,4,8,1,12,-1,600,600,600,600,600,600,600,600,600,600,600]
灵雷术=2Y8Wqz=[2,0,1,2,53116,level,1,1,8,6,4,2,12,5,10,7,13,-1,600,600,600,600,600,600,600,600,600,600,600]
--风--
风缚术=q07ePV=[2,0,1,2,54111,level,1,2,13,7,10,6,12,3,11,5,9,-1,600,600,600,600,600,600,600,600,600,600,600]
风啸术=6oZBy2=[2,0,1,2,54112,level,1,5,12,1,3,1,9,7,13,6,11,-1,600,600,600,600,600,600,600,600,600,600,600]
飞沙术=8eVR4y=[2,0,1,2,54113,level,8,1,9,6,13,4,11,1,12,7,10,-1,600,600,600,600,600,600,600,600,600,600,600]
狂风术=13yhFV=[2,0,1,2,54114,level,2,6,12,7,13,1,8,4,7,3,11,-1,600,600,600,600,600,600,600,600,600,600,600]
掠风术=3h8ECb=[2,0,1,2,54115,level,3,5,10,6,13,7,11,4,8,1,12,-1,600,600,600,600,600,600,600,600,600,600,600]
风瘴术=9tJs6R=[2,0,1,2,54116,level,1,1,8,6,4,2,12,5,10,7,13,-1,600,600,600,600,600,600,600,600,600,600,600]
--土--
震地波=KdY22x=[2,0,1,2,55111,level,1,2,13,7,10,6,12,3,11,5,9,-1,600,600,600,600,600,600,600,600,600,600,600]
陨石阵=Vq8vC6=[2,0,1,2,55112,level,1,5,12,1,3,1,9,7,13,6,11,-1,600,600,600,600,600,600,600,600,600,600,600]
滚岩术=G7G6kj=[2,0,1,2,55113,level,8,1,9,6,13,4,11,1,12,7,10,-1,600,600,600,600,600,600,600,600,600,600,600]
石傀术=5VL0ct=[2,0,1,2,55114,level,2,6,12,7,13,1,8,4,7,3,11,-1,600,600,600,600,600,600,600,600,600,600,600]
流沙术=Uec8X3=[2,0,1,2,55115,level,3,5,10,6,13,7,11,4,8,1,12,-1,600,600,600,600,600,600,600,600,600,600,600]
聚石阵=l3M5Zn=[2,0,1,2,55116,level,1,1,8,6,4,2,12,5,10,7,13,-1,600,600,600,600,600,600,600,600,600,600,600]
--木--
荆棘术=AeJ48m=[2,0,1,2,56111,level,1,2,13,7,10,6,12,3,11,5,9,-1,600,600,600,600,600,600,600,600,600,600,600]
活元术=P8mZ0a=[2,0,1,2,56112,level,1,5,12,1,3,1,9,7,13,6,11,-1,600,600,600,600,600,600,600,600,600,600,600]
毒沼术=2Ap2kQ=[2,0,1,2,56113,level,8,1,9,6,13,4,11,1,12,7,10,-1,600,600,600,600,600,600,600,600,600,600,600]
活灵术=Ca5jR3=[2,0,1,2,56114,level,2,6,12,7,13,1,8,4,7,3,11,-1,600,600,600,600,600,600,600,600,600,600,600]
毒株术=Gc11rK=[2,0,1,2,56115,level,3,5,10,6,13,7,11,4,8,1,12,-1,600,600,600,600,600,600,600,600,600,600,600]
活力术=5zQr3W=[2,0,1,2,56116,level,1,1,8,6,4,2,12,5,10,7,13,-1,600,600,600,600,600,600,600,600,600,600,600]