--刀--
半月刀=o0e2AA=[2,0,1,1,12111,level,1,7,6,14,16,9,15,12,13,10,16,-1,600,600,600,600,600,600,600,600,600,600,600]
烈火刀=Yiz7D9=[2,0,1,1,12112,level,5,1,7,6,11,14,12,4,16,1,15,-1,600,600,600,600,600,600,600,600,600,600,600]
旋风刀=idG09G=[2,0,1,1,12113,level,1,5,6,7,14,4,15,2,16,1,16,-1,600,600,600,600,600,600,600,600,600,600,600]
--枪--
穿心矛=wCrIhh=[2,0,1,1,13111,level,1,7,6,14,16,9,15,12,13,10,16,-1,600,600,600,600,600,600,600,600,600,600,600]
飞龙枪=cfOtaq=[2,0,1,1,13112,level,5,1,7,6,11,14,12,4,16,1,15,-1,600,600,600,600,600,600,600,600,600,600,600]
贯龙枪=LLfzbV=[2,0,1,1,13113,level,1,5,6,7,14,4,15,2,16,1,16,-1,600,600,600,600,600,600,600,600,600,600,600]
--剑--
清风剑=Vv4G2y=[2,0,1,1,14111,level,1,7,6,14,16,9,15,12,13,10,16,-1,600,600,600,600,600,600,600,600,600,600,600]
孤星剑=8SvC3z=[2,0,1,1,14112,level,5,1,7,6,11,14,12,4,16,1,15,-1,600,600,600,600,600,600,600,600,600,600,600]
月影剑=61PpWo=[2,0,1,1,14113,level,1,5,6,7,14,4,15,2,16,1,16,-1,600,600,600,600,600,600,600,600,600,600,600]
--拳--
定气拳=b4O4qW=[2,0,1,1,15111,level,1,7,6,14,16,9,15,12,13,10,16,-1,600,600,600,600,600,600,600,600,600,600,600]
裂地拳=r38eOP=[2,0,1,1,15112,level,5,1,7,6,11,14,12,4,16,1,15,-1,600,600,600,600,600,600,600,600,600,600,600]
震天拳=t06KRy=[2,0,1,1,15113,level,1,5,6,7,14,4,15,2,16,1,16,-1,600,600,600,600,600,600,600,600,600,600,600]
--掌--
青涛掌=ufST84=[2,0,1,1,16111,level,1,7,6,14,16,9,15,12,13,10,16,-1,600,600,600,600,600,600,600,600,600,600,600]
排云掌=Uvr97U=[2,0,1,1,16112,level,5,1,7,6,11,14,12,4,16,1,15,-1,600,600,600,600,600,600,600,600,600,600,600]
凌波掌=Xp5u3R=[2,0,1,1,16113,level,1,5,6,7,14,4,15,2,16,1,16,-1,600,600,600,600,600,600,600,600,600,600,600]
--指--
轮回指=3WH9rz=[2,0,1,1,17111,level,1,7,6,14,16,9,15,12,13,10,16,-1,600,600,600,600,600,600,600,600,600,600,600]
两仪指=U2bJ4x=[2,0,1,1,17112,level,5,1,7,6,11,14,12,4,16,1,15,-1,600,600,600,600,600,600,600,600,600,600,600]
无相指=lLIi53=[2,0,1,1,17113,level,1,5,6,7,14,4,15,2,16,1,16,-1,600,600,600,600,600,600,600,600,600,600,600]
--火--
火丸术=7RQoe4=[2,0,1,1,41111,level,1,7,6,14,16,9,15,12,13,10,16,-1,600,600,600,600,600,600,600,600,600,600,600]
焰火术=GPbu53=[2,0,1,1,41112,level,5,1,7,6,11,14,12,4,16,1,15,-1,600,600,600,600,600,600,600,600,600,600,600]
豪火术=15vFQj=[2,0,1,1,41113,level,1,5,6,7,14,4,15,2,16,1,16,-1,600,600,600,600,600,600,600,600,600,600,600]
--水--
水灵术=ENn6e3=[2,0,1,1,42111,level,1,7,6,14,16,9,15,12,13,10,16,-1,600,600,600,600,600,600,600,600,600,600,600]
灵流术=Zj61nN=[2,0,1,1,42112,level,5,1,7,6,11,14,12,4,16,1,15,-1,600,600,600,600,600,600,600,600,600,600,600]
冰晶爆=5Ue8Vk=[2,0,1,1,42113,level,1,5,6,7,14,4,15,2,16,1,16,-1,600,600,600,600,600,600,600,600,600,600,600]
--雷--
雷光术=Vv4G2y=[2,0,1,1,43111,level,1,7,6,14,16,9,15,12,13,10,16,-1,600,600,600,600,600,600,600,600,600,600,600]
疾雷闪=8SvC3z=[2,0,1,1,43112,level,5,1,7,6,11,14,12,4,16,1,15,-1,600,600,600,600,600,600,600,600,600,600,600]
紫电闪=61PpWo=[2,0,1,1,43113,level,1,5,6,7,14,4,15,2,16,1,16,-1,600,600,600,600,600,600,600,600,600,600,600]
--风--
风球术=aKh16C=[2,0,1,1,44111,level,1,7,6,14,16,9,15,12,13,10,16,-1,600,600,600,600,600,600,600,600,600,600,600]
风刀术=vZl73Z=[2,0,1,1,44112,level,5,1,7,6,11,14,12,4,16,1,15,-1,600,600,600,600,600,600,600,600,600,600,600]
风切术=L1Bd8g=[2,0,1,1,44113,level,1,5,6,7,14,4,15,2,16,1,16,-1,600,600,600,600,600,600,600,600,600,600,600]
--土--
土球术=hO85nM=[2,0,1,1,45111,level,1,7,6,14,16,9,15,12,13,10,16,-1,600,600,600,600,600,600,600,600,600,600,600]
落石术=gJ50Tr=[2,0,1,1,45112,level,5,1,7,6,11,14,12,4,16,1,15,-1,600,600,600,600,600,600,600,600,600,600,600]
震地术=a6bD0G=[2,0,1,1,45113,level,1,5,6,7,14,4,15,2,16,1,16,-1,600,600,600,600,600,600,600,600,600,600,600]
--木--
灵叶术=X3eSl3=[2,0,1,1,46111,level,1,7,6,14,16,9,15,12,13,10,16,-1,600,600,600,600,600,600,600,600,600,600,600]
飞花术=16WpaY=[2,0,1,1,46112,level,5,1,7,6,11,14,12,4,16,1,15,-1,600,600,600,600,600,600,600,600,600,600,600]
绽花术=4gB0bR=[2,0,1,1,46113,level,1,5,6,7,14,4,15,2,16,1,16,-1,600,600,600,600,600,600,600,600,600,600,600]