--五心法--
0=劲=N47y4t=[2,0,1,4,81001,level,1,2,4,11,12,20,23,24,25,26,27,-1,600,600,600,600,600,600,600,600,600,600,600]
0=经=zyI0EV=[2,0,1,4,82001,level,1,2,6,7,5,18,17,21,23,24,25,-1,600,600,600,600,600,600,600,600,599,600,600]
0=式=j9M0Dy=[2,0,1,4,83001,level,1,4,8,16,17,18,19,20,21,22,23,-1,600,600,600,600,600,599,600,600,600,600,600]
0=诀=f0wtJa=[2,0,1,4,84001,level,3,4,14,15,16,16,16,16,17,18,19,-1,600,600,600,600,600,600,600,600,600,600,600]
0=录=Y9GiDS=[2,0,1,4,85001,level,1,2,4,5,8,8,9,11,12,13,14,-1,600,600,600,600,600,600,600,600,600,600,600]
--刀--
1=秘卷=RR57ez=[2,0,1,4,86001,level,4,8,9,10,11,3,1,7,6,12,13,-1,600,600,600,600,600,600,600,600,600,600,600]
1=神功=t5APg0=[2,0,1,4,87001,level,1,2,3,5,7,7,7,8,8,6,9,-1,600,600,600,600,600,600,600,600,600,600,600]
1=大法=QP6xg3=[2,0,1,4,88001,level,19,1,1,1,1,1,1,1,1,20,20,-1,600,600,600,600,600,600,600,600,600,600,600]
--枪--
2=秘卷=G21Jqd=[2,0,1,4,86002,level,4,8,9,10,11,3,1,7,6,12,13,-1,600,600,600,600,600,600,600,600,600,600,600]
2=神功=iP7Aw1=[2,0,1,4,87002,level,1,2,3,5,7,7,7,8,8,6,9,-1,600,600,600,600,600,600,600,600,600,600,600]
2=大法=G8oVSO=[2,0,1,4,88002,level,19,1,1,1,1,1,1,1,1,20,20,-1,600,600,600,600,600,600,600,600,600,600,600]
--剑--
3=秘卷=0FA8zu=[2,0,1,4,86003,level,4,8,9,10,11,3,1,7,6,12,13,-1,600,600,600,600,600,600,600,600,600,600,600]
3=神功=6lh9CS=[2,0,1,4,87003,level,1,2,3,5,7,7,7,8,8,6,9,-1,600,600,600,600,600,600,600,600,600,600,600]
3=大法=Rq89gQ=[2,0,1,4,88003,level,19,1,1,1,1,1,1,1,1,20,20,-1,600,600,600,600,600,600,600,600,600,600,600]
--拳--
4=秘卷=0fMW8h=[2,0,1,4,86004,level,4,8,9,10,11,3,1,7,6,12,13,-1,600,600,600,600,600,600,600,600,600,600,600]
4=神功=7vKu2Q=[2,0,1,4,87004,level,1,2,3,5,7,7,7,8,8,6,9,-1,600,600,600,600,600,600,600,600,600,600,600]
4=大法=3BsA7u=[2,0,1,4,88004,level,19,1,1,1,1,1,1,1,1,20,20,-1,600,600,600,600,600,600,600,600,600,600,600]
--掌--
5=秘卷=c5B2Ye=[2,0,1,4,86005,level,4,8,9,10,11,3,1,7,6,12,13,-1,600,600,600,600,600,600,600,600,600,600,600]
5=神功=Lr31oE=[2,0,1,4,87005,level,1,2,3,5,7,7,7,8,8,6,9,-1,600,600,600,600,600,600,600,600,600,600,600]
5=大法=Ofl75B=[2,0,1,4,88005,level,19,1,1,1,1,1,1,1,1,20,20,-1,600,600,600,600,600,600,600,600,600,600,600]
--指--
6=秘卷=wSg57E=[2,0,1,4,86006,level,4,8,9,10,11,3,1,7,6,12,13,-1,600,600,600,600,600,600,600,600,600,600,600]
6=神功=BmWz21=[2,0,1,4,87006,level,1,2,3,5,7,7,7,8,8,6,9,-1,600,600,600,600,600,600,600,600,600,600,600]
6=大法=3FJue1=[2,0,1,4,88006,level,19,1,1,1,1,1,1,1,1,20,20,-1,600,600,600,600,600,600,600,600,600,600,600]
--火--
7=秘卷=9SG3ao=[2,0,1,4,86007,level,4,8,9,10,11,3,1,7,6,12,13,-1,600,600,600,600,600,600,600,600,600,600,600]
7=神功=7HqX3c=[2,0,1,4,87007,level,1,2,3,5,7,7,7,8,8,6,9,-1,600,600,600,600,600,600,600,600,600,600,600]
7=大法=f7kUW9=[2,0,1,4,88007,level,19,1,1,1,1,1,1,1,1,20,20,-1,600,600,600,600,600,600,600,600,600,600,600]
--水--
8=秘卷=auCE44=[2,0,1,4,86008,level,4,8,9,10,11,3,1,7,6,12,13,-1,600,600,600,600,600,600,600,600,600,600,600]
8=神功=p0Yh1Q=[2,0,1,4,87008,level,1,2,3,5,7,7,7,8,8,6,9,-1,600,600,600,600,600,600,600,600,600,600,600]
8=大法=iF3Yf3=[2,0,1,4,88008,level,19,1,1,1,1,1,1,1,1,20,20,-1,600,600,600,600,600,600,600,600,600,600,600]
--雷--
9=秘卷=0FA8zu=[2,0,1,4,86009,level,4,8,9,10,11,3,1,7,6,12,13,-1,600,600,600,600,600,600,600,600,600,600,600]
9=神功=6lh9CS=[2,0,1,4,87009,level,1,2,3,5,7,7,7,8,8,6,9,-1,600,600,600,600,600,600,600,600,600,600,600]
9=大法=Rq89gQ=[2,0,1,4,88009,level,19,1,1,1,1,1,1,1,1,20,20,-1,600,600,600,600,600,600,600,600,600,600,600]
--风--
10=秘卷=7Y5cxS=[2,0,1,4,86010,level,4,8,9,10,11,3,1,7,6,12,13,-1,600,600,600,600,600,600,600,600,600,600,600]
10=神功=vyV3P9=[2,0,1,4,87010,level,1,2,3,5,7,7,7,8,8,6,9,-1,600,600,600,600,600,600,600,600,600,600,600]
10=大法=m7uF9K=[2,0,1,4,88010,level,19,1,1,1,1,1,1,1,1,20,20,-1,600,600,600,600,600,600,600,600,600,600,600]
--土--
11=秘卷=2tA7Ur=[2,0,1,4,86011,level,4,8,9,10,11,3,1,7,6,12,13,-1,600,600,600,600,600,600,600,600,600,600,600]
11=神功=y1ONb2=[2,0,1,4,87011,level,1,2,3,5,7,7,7,8,8,6,9,-1,600,600,600,600,600,600,600,600,600,600,600]
11=大法=wQ05jB=[2,0,1,4,88011,level,19,1,1,1,1,1,1,1,1,20,20,-1,600,600,600,600,600,600,600,600,600,600,600]
--木--
12=秘卷=5rn4PR=[2,0,1,4,86012,level,4,8,9,10,11,3,1,7,6,12,13,-1,600,600,600,600,600,600,600,600,600,600,600]
12=神功=H8M4dy=[2,0,1,4,87012,level,1,2,3,5,7,7,7,8,8,6,9,-1,600,600,600,600,600,600,600,600,600,600,600]
12=大法=pU9yO2=[2,0,1,4,88012,level,19,1,1,1,1,1,1,1,1,20,20,-1,600,600,600,600,600,600,600,600,600,600,600]