--刀--
跃=yZCwP0=[2,0,1,3,510021,level,2,1,2,6,2,7,2,5,2,8,9,-1,600,600,600,600,600,600,600,600,600,600,600]
--枪--
突=yZCwP0=[2,0,1,3,510021,level,2,1,2,6,2,7,2,5,2,8,9,-1,600,600,600,600,600,600,600,600,600,600,600]
--剑--
御术=4l9hCD=[2,0,1,3,510031,level,2,1,2,6,2,7,2,5,2,8,9,-1,600,600,600,600,600,600,600,600,600,600,600]
--拳--
冲=r9C7Li=[2,0,1,3,510041,level,2,1,2,6,2,7,2,5,2,8,9,-1,600,600,600,600,600,600,600,600,600,600,600]
--掌--
步=Fl42sT=[2,0,1,3,510051,level,2,1,2,6,2,7,2,5,2,8,9,-1,600,600,600,600,600,600,600,600,600,600,600]
--指--
隐=4kBk3B=[2,0,1,3,510061,level,2,1,2,6,2,7,2,5,2,8,9,-1,600,600,600,600,600,600,600,600,600,600,600]
--火--
幻=Cz9iV5=[2,0,1,3,510111,level,2,1,2,6,2,7,2,5,2,8,9,-1,600,600,600,600,600,600,600,600,600,600,600]
--水--
影=0VaE6p=[2,0,1,3,510121,level,2,1,2,6,2,7,2,5,2,8,9,-1,600,600,600,600,600,600,600,600,600,600,600]
--雷--
闪=4l9hCD=[2,0,1,3,510131,level,2,1,2,6,2,7,2,5,2,8,9,-1,600,600,600,600,600,600,600,600,600,600,600]58
--风--
卷=E9Y3es=[2,0,1,3,510141,level,2,1,2,6,2,7,2,5,2,8,9,-1,600,600,600,600,600,600,600,600,600,600,600]
--土--
遁=V5Se3e=[2,0,1,3,510151,level,2,1,2,6,2,7,2,5,2,8,9,-1,600,600,600,600,600,600,600,600,600,600,600]
--木--
舞=R5m8Km=[2,0,1,3,510161,level,2,1,2,6,2,7,2,5,2,8,9,-1,600,600,600,600,600,600,600,600,600,600,600]